,A1_Score,A2_Score,A3_Score,A4_Score,A5_Score,A6_Score,A7_Score,A8_Score,A9_Score,A10_Score,age,gender,ethnicity,jundice,austim,contry_of_res,used_app_before,result,relation,Class.ASD
0,0,0,1,0,0,0,0,0,0,0,1,0,4,0,0,4,0,1,0,0
1,0,1,1,0,1,0,0,1,1,1,1,0,2,0,0,1,0,6,0,0
2,1,0,1,1,1,1,0,0,1,0,1,1,4,0,0,4,0,6,0,0
3,1,0,0,1,1,1,1,0,1,1,1,1,4,0,0,4,0,7,0,1
4,1,0,1,1,0,1,1,1,1,1,1,1,4,0,1,3,0,8,0,1
5,1,0,1,1,1,0,1,1,0,1,0,1,5,1,0,2,0,7,0,1
6,0,0,0,0,1,1,0,0,0,0,1,1,0,0,0,1,0,2,0,0
7,0,0,1,1,0,0,0,0,0,1,1,1,2,0,1,0,0,3,0,0
8,0,1,1,1,0,0,0,0,0,1,1,1,4,1,1,3,0,4,0,0
9,1,1,1,1,1,1,0,1,0,1,0,1,4,0,0,4,0,8,0,1
10,1,0,1,1,1,1,0,1,1,0,1,1,4,0,0,4,0,7,1,1
11,1,1,1,1,0,1,0,0,0,0,0,1,5,0,0,4,0,5,1,0
12,0,0,1,1,1,0,1,0,0,0,0,0,5,0,0,4,0,4,1,0
13,0,1,1,0,0,1,0,0,0,0,1,0,4,0,0,4,0,3,1,0
14,1,1,0,0,0,1,1,1,0,1,1,1,0,0,0,1,0,6,0,0
15,1,0,0,1,0,0,0,1,0,0,0,1,5,0,0,5,0,3,0,0
16,1,1,1,1,1,1,1,1,1,1,1,1,1,0,0,2,0,10,1,1
17,1,0,0,0,0,0,0,0,0,0,0,1,5,0,0,4,0,1,0,0
18,1,0,1,1,1,1,1,1,0,1,0,0,5,0,1,2,0,8,0,1
19,1,1,1,1,1,1,1,1,1,1,1,0,4,0,0,3,0,10,0,1
20,1,1,1,1,1,1,0,1,1,1,1,1,0,0,0,1,0,9,0,1
21,1,0,1,1,1,1,0,1,1,1,1,1,4,0,0,4,0,8,0,1
22,1,1,1,1,1,1,0,1,1,1,1,1,4,0,0,4,0,9,0,1
23,1,0,0,0,1,0,0,1,0,0,1,1,3,0,1,3,0,3,0,0
24,1,1,1,1,0,0,0,1,0,0,1,1,4,0,0,4,0,5,0,0
25,1,0,1,1,1,1,1,1,0,1,0,1,5,0,0,3,0,8,0,1
26,1,0,1,1,0,1,1,1,0,1,0,1,5,0,0,3,1,7,0,1
27,0,0,0,0,0,0,0,0,0,0,1,0,5,0,0,1,0,0,0,0
28,1,0,0,1,1,0,0,1,1,0,0,0,4,0,0,4,0,5,1,0
29,1,1,1,1,1,1,1,1,0,1,1,1,4,0,0,4,0,9,0,1
30,1,0,1,0,0,0,0,1,0,0,0,0,2,0,0,3,0,3,0,0
31,0,1,0,0,0,0,0,1,0,0,0,0,2,0,0,2,0,2,1,0
32,1,0,1,0,1,1,1,1,0,0,0,0,5,0,0,3,0,6,0,0
33,1,0,0,0,1,0,1,0,0,1,1,0,2,0,0,1,0,4,0,0
34,0,0,0,0,1,0,0,0,0,0,1,0,1,0,0,4,0,1,0,0
35,1,1,0,0,0,0,1,1,0,1,1,1,3,0,0,4,0,5,0,0
36,0,0,1,1,0,0,0,1,0,0,1,0,0,0,0,4,0,3,0,0
37,1,0,1,1,0,0,1,1,0,1,0,0,5,0,0,3,0,6,0,0
38,1,1,1,0,0,0,0,1,1,1,0,0,5,0,0,3,0,6,0,0
39,0,0,1,1,1,0,0,1,1,1,1,1,4,0,1,3,0,6,0,0
40,1,1,0,1,1,1,1,1,0,0,0,0,5,0,0,3,0,7,0,1
41,1,0,0,0,0,0,1,1,0,0,0,0,2,0,0,3,0,3,0,0
42,1,1,0,1,1,1,1,1,1,0,1,1,1,0,1,3,0,8,0,1
43,1,0,0,1,1,0,0,0,0,1,0,0,2,0,0,3,0,4,0,0
44,1,1,0,0,0,0,0,0,0,0,1,1,5,1,0,1,0,2,0,0
45,0,0,1,1,0,0,1,1,0,1,1,0,5,1,1,1,0,5,0,0
46,1,0,0,0,0,0,1,0,0,1,1,0,5,0,0,1,0,3,0,0
47,1,1,1,1,1,1,1,1,1,1,1,1,4,0,1,2,0,10,0,1
48,0,0,1,0,1,0,0,1,0,1,1,1,2,0,0,1,0,4,0,0
49,1,1,0,0,0,0,0,0,0,0,0,1,4,0,0,4,0,2,0,0
50,1,0,0,0,0,0,0,1,0,1,0,1,2,0,0,3,0,3,0,0
51,1,0,0,1,1,1,1,1,1,1,1,1,2,0,1,1,0,8,1,1
52,1,0,0,0,0,0,0,0,0,0,1,0,4,0,0,2,0,1,0,0
53,1,0,0,0,0,0,0,1,1,1,1,1,4,0,1,2,0,4,0,0
54,1,1,1,1,1,1,0,1,1,1,1,1,4,0,0,4,0,9,0,1
55,1,0,1,1,0,0,0,0,0,1,0,1,4,0,1,2,0,4,0,0
56,0,1,0,0,1,0,1,0,0,1,1,1,5,0,0,1,0,4,0,0
57,0,0,0,1,1,1,0,1,0,1,0,1,5,0,0,4,0,5,0,0
58,1,1,1,0,1,1,1,0,1,1,0,1,5,0,1,2,0,8,0,1
59,1,1,1,1,1,0,0,1,1,1,1,1,4,0,1,2,0,8,0,1
60,1,1,0,0,0,0,0,1,0,1,1,1,4,0,0,2,0,4,0,0
61,1,0,0,0,1,0,1,1,0,0,1,1,4,0,0,4,0,4,0,0
62,1,0,0,1,1,0,1,0,0,0,0,0,5,0,0,4,0,4,0,0
63,1,1,0,0,0,0,0,1,0,0,0,1,5,0,0,4,0,3,0,0
64,0,0,0,0,0,0,0,0,1,0,0,0,5,0,0,1,0,1,0,0
65,0,1,1,0,0,0,0,1,0,0,0,1,3,0,0,1,0,3,0,0
66,1,0,0,0,0,0,0,1,0,0,1,1,0,0,0,1,0,2,0,0
67,1,0,0,0,0,0,0,0,1,1,0,0,0,0,0,4,0,3,0,0
68,1,1,0,0,1,0,1,1,0,0,0,0,0,0,0,1,0,5,0,0
69,0,0,0,0,1,1,0,1,0,1,0,0,3,0,0,1,0,4,0,0
70,0,0,0,0,0,0,0,0,0,0,0,0,0,0,0,1,0,0,0,0
71,0,0,1,0,1,1,1,1,0,1,0,0,3,0,0,4,0,6,0,0
72,1,1,0,1,1,0,1,1,0,1,1,1,4,0,0,3,0,7,0,1
73,1,0,0,1,1,1,1,0,0,0,0,1,0,0,0,1,0,5,1,0
74,1,0,0,0,0,1,1,0,0,0,0,1,0,0,0,1,0,3,1,0
75,1,0,1,1,1,1,1,1,1,1,0,1,4,0,1,4,0,9,0,1
76,0,0,1,1,0,1,0,1,1,1,0,0,4,0,0,2,0,6,0,0
77,1,0,0,0,1,0,0,0,0,1,1,0,0,0,0,1,0,3,1,0
78,0,1,0,0,0,0,0,1,1,1,0,0,0,0,0,4,0,4,0,0
79,1,1,0,1,1,1,1,1,0,1,1,1,2,0,0,1,0,8,0,1
80,1,0,1,1,1,1,0,1,1,0,1,1,4,0,0,2,0,7,1,1
81,1,1,1,1,1,1,0,1,0,1,0,1,4,0,0,3,0,8,0,1
82,1,1,1,0,1,0,1,1,0,0,0,0,4,0,0,3,0,6,0,0
83,1,1,1,1,1,1,0,1,1,1,0,1,4,0,0,3,0,9,0,1
84,1,1,1,1,1,1,0,0,1,0,1,0,4,0,0,3,0,7,0,1
85,1,1,1,1,1,1,0,1,1,1,0,0,4,0,0,2,0,9,0,1
86,1,0,1,1,1,1,1,1,1,1,0,1,4,0,0,3,0,9,0,1
87,1,0,0,0,0,0,0,0,0,0,0,1,1,0,0,2,0,1,0,0
88,1,0,0,1,1,1,1,1,0,1,1,0,0,1,0,0,0,7,0,1
89,1,0,1,1,1,1,1,1,1,1,1,1,4,0,1,4,0,9,0,1
90,1,1,0,0,1,1,1,1,0,1,0,1,4,0,0,4,0,7,0,1
91,0,0,0,0,0,0,0,0,0,0,0,1,4,0,0,4,0,0,0,0
92,1,0,0,1,1,1,0,1,0,1,1,0,2,0,1,3,0,6,0,0
93,1,0,1,1,0,0,1,0,0,1,1,1,4,0,0,2,0,5,0,0
94,1,0,0,0,1,0,0,0,1,1,1,1,4,0,1,2,0,4,1,0
95,1,1,0,0,0,0,0,1,0,0,0,1,4,0,0,3,0,3,0,0
96,1,0,0,0,0,0,0,1,0,1,0,0,1,0,0,0,0,3,0,0
97,1,1,0,0,0,0,0,1,0,0,0,0,3,0,0,1,0,3,0,0
98,1,0,1,1,0,0,0,1,0,1,0,0,0,0,0,1,0,5,0,0
99,0,1,0,0,1,1,0,1,1,0,0,0,0,0,0,4,0,5,0,0
100,1,0,1,1,0,0,0,1,1,1,0,0,0,0,0,4,0,6,0,0
101,0,1,1,0,0,1,0,0,1,1,0,0,0,0,0,4,0,5,0,0
102,0,0,0,0,1,0,0,0,0,1,0,0,0,0,0,1,0,2,0,0
103,1,0,0,0,0,0,1,0,0,1,0,0,0,0,0,4,0,3,0,0
104,0,1,0,0,0,0,0,0,0,1,1,1,0,0,0,4,0,2,0,0
105,0,0,1,1,0,0,0,1,0,1,0,0,0,0,0,1,0,4,0,0
106,1,0,0,0,0,0,0,1,0,0,1,0,3,0,0,1,0,2,0,0
107,1,0,1,0,0,0,0,1,0,0,0,0,0,0,0,1,0,3,0,0
108,1,0,0,1,1,0,0,1,0,0,0,0,0,0,0,1,0,4,0,0
109,0,0,0,0,0,0,0,1,0,0,0,0,3,0,0,4,0,1,0,0
110,1,0,0,1,1,1,1,1,1,1,1,0,4,0,0,3,0,8,1,1
111,1,0,1,1,1,1,1,1,1,1,0,0,4,0,0,4,0,9,0,1
112,1,1,1,1,1,1,1,1,1,1,0,1,4,0,0,2,0,10,0,1
113,1,1,0,0,1,1,1,1,0,1,1,1,5,0,0,3,0,7,0,1
114,1,1,1,1,1,0,1,1,1,0,1,0,4,1,1,3,0,8,0,1
115,0,0,0,0,1,0,0,1,0,0,0,0,0,0,0,4,0,2,0,0
116,0,1,1,1,1,0,1,1,0,1,0,0,0,0,0,1,0,7,0,1
117,1,1,0,0,1,0,0,0,0,1,1,1,3,0,0,4,0,4,0,0
118,0,0,1,0,1,0,1,0,1,1,1,0,0,0,0,1,0,5,0,0
119,1,0,0,0,1,0,1,0,0,1,1,0,0,0,0,1,0,4,0,0
120,0,0,0,0,0,0,1,1,0,1,1,1,0,0,0,4,0,3,0,0
121,1,0,0,0,0,1,0,1,0,1,1,1,0,0,0,1,0,4,0,0
122,0,1,0,0,1,0,0,1,0,1,1,1,3,0,0,1,0,4,0,0
123,1,0,0,1,0,0,0,0,1,1,1,1,0,0,0,1,0,4,0,0
124,1,0,0,0,0,0,1,1,0,0,1,0,0,0,0,1,0,3,0,0
125,0,0,0,0,0,0,0,0,0,0,1,0,0,0,0,1,0,0,1,0
126,0,1,0,0,0,0,0,1,0,0,1,1,3,0,0,1,0,2,0,0
127,0,0,0,0,0,0,0,1,0,0,1,1,3,0,0,4,0,1,0,0
128,1,1,0,0,0,0,0,1,0,0,0,0,0,0,0,1,0,3,0,0
129,1,0,1,0,1,0,1,1,0,1,0,1,0,0,0,4,0,6,0,0
130,1,0,0,0,1,0,1,1,0,1,1,0,0,0,0,1,0,5,0,0
131,0,0,1,0,0,0,0,1,1,1,0,1,5,0,0,1,0,4,0,0
132,1,0,0,0,1,0,1,1,0,0,0,1,0,0,0,1,0,4,0,0
133,0,0,1,1,1,0,0,1,1,1,1,1,5,0,1,2,0,6,0,0
134,1,1,1,1,1,0,0,1,1,1,1,1,5,0,1,2,0,8,0,1
135,1,0,1,1,0,0,1,1,0,1,1,0,5,0,0,3,0,6,0,0
136,1,1,0,1,0,0,1,0,0,0,0,1,0,0,0,4,0,4,0,0
137,0,0,1,1,1,0,0,0,0,1,0,1,0,0,0,1,0,4,0,0
138,1,0,0,0,0,0,0,1,0,0,1,1,2,0,0,2,0,2,1,0
139,1,0,0,1,0,0,0,1,0,0,1,0,4,0,0,3,0,3,0,0
140,1,1,0,0,0,0,1,1,1,1,1,1,1,0,0,3,0,6,0,0
141,1,1,1,1,1,1,0,1,1,1,1,1,1,0,0,3,1,9,0,1
142,0,0,1,1,1,0,0,1,1,1,1,0,2,0,0,1,0,6,0,0
143,1,0,1,0,1,0,0,1,0,1,1,0,2,0,0,1,0,5,0,0
144,1,0,1,0,1,0,1,0,0,0,1,0,4,0,0,4,0,4,0,0
145,1,0,0,0,1,0,1,0,0,1,1,1,4,0,0,4,0,4,0,0
146,1,1,1,1,1,0,0,0,0,0,0,1,0,0,0,1,0,5,0,0
147,0,1,0,1,1,1,0,1,0,1,1,0,4,0,0,3,0,6,1,0
148,0,0,1,1,1,0,0,0,0,1,1,0,0,0,0,4,0,4,0,0
149,0,0,1,1,1,0,1,0,0,1,0,0,4,0,0,3,0,5,0,0
150,1,0,1,1,1,1,1,0,1,0,1,0,3,0,0,1,0,7,0,1
151,1,0,0,0,0,0,1,1,0,1,1,0,5,0,1,2,0,4,0,0
152,1,0,0,0,0,0,1,1,0,1,1,1,4,0,0,4,0,4,0,0
153,1,1,0,1,1,1,0,1,1,1,1,1,4,0,1,3,0,8,0,1
154,1,1,1,0,1,0,1,0,0,0,0,0,4,0,0,2,0,5,0,0
155,1,1,1,1,1,1,0,1,1,1,1,0,4,0,0,2,0,9,0,1
156,1,1,0,1,0,0,0,1,0,1,1,0,5,1,1,5,0,5,1,0
157,1,0,0,0,0,0,0,1,0,1,1,0,5,0,0,3,0,3,0,0
158,1,0,0,0,0,0,0,1,0,0,1,1,0,0,0,2,0,2,0,0
159,0,1,0,1,0,0,0,1,0,0,1,0,4,0,1,2,0,3,0,0
160,1,0,1,1,1,1,1,1,1,1,1,1,4,0,0,3,0,9,0,1
161,1,1,1,1,1,1,1,1,1,1,1,0,4,0,0,3,0,10,0,1
162,1,0,1,1,1,1,1,1,1,1,1,0,4,0,0,2,0,9,0,1
163,1,1,1,0,1,1,0,1,1,0,1,0,4,0,0,3,0,7,0,1
164,1,1,1,1,0,0,0,0,0,0,1,1,5,0,1,3,0,4,0,0
165,1,1,1,1,1,0,1,1,1,1,0,1,4,0,0,4,0,9,0,1
166,1,1,0,1,1,0,0,0,1,1,0,1,4,0,0,3,0,6,0,0
167,1,1,0,1,1,0,0,1,1,1,0,1,4,0,0,3,0,7,0,1
168,1,1,1,1,1,1,1,0,1,1,1,1,4,0,1,3,0,9,1,1
169,1,0,1,1,0,0,0,0,0,0,1,0,4,0,1,3,0,3,0,0
170,1,1,1,1,1,1,1,1,1,1,1,0,4,0,0,3,0,10,0,1
171,1,1,1,1,1,1,1,1,1,1,0,0,2,0,1,3,0,10,1,1
172,1,1,1,0,1,0,0,1,1,1,0,1,4,0,0,3,1,7,0,1
173,1,1,1,1,0,0,1,1,0,0,1,0,4,0,0,2,0,6,0,0
174,1,0,0,1,1,1,1,1,1,1,1,1,4,0,0,3,0,8,0,1
175,1,0,1,1,1,1,1,1,1,1,1,1,4,0,1,2,0,9,0,1
176,0,0,0,1,0,1,0,1,1,1,1,0,0,0,1,1,0,5,0,0
177,1,1,0,0,0,1,1,1,0,1,1,1,4,0,0,2,0,6,0,0
178,1,0,1,1,0,0,0,0,0,1,1,1,4,0,0,3,0,4,0,0
179,1,1,1,1,0,0,0,0,0,1,1,0,4,0,0,3,0,5,0,0
180,1,1,0,0,1,1,1,1,1,1,0,1,1,0,0,2,0,8,0,1
181,1,0,0,0,0,0,1,1,0,1,1,1,5,1,0,1,0,4,0,0
182,1,1,0,0,0,0,0,1,0,1,1,0,4,0,1,3,0,4,1,0
183,1,1,0,1,1,0,1,1,0,1,0,0,4,0,0,1,0,7,0,1
184,1,0,0,1,0,0,0,0,0,0,1,1,4,0,1,3,0,2,1,0
185,1,1,0,0,0,0,0,1,0,0,1,0,4,0,0,2,0,3,0,0
186,0,0,1,0,0,0,0,0,0,0,0,1,5,0,0,1,0,1,1,0
187,1,1,1,1,1,0,0,1,0,0,0,0,4,0,0,2,0,6,0,0
188,1,0,1,1,0,1,1,1,1,1,0,0,4,0,0,2,0,8,0,1
189,1,1,1,1,1,1,1,0,1,1,0,1,4,0,0,2,0,9,0,1
190,0,1,0,1,0,0,0,1,0,1,1,1,4,0,0,3,0,4,0,0
191,1,1,1,1,1,1,1,0,1,1,0,0,0,1,0,1,0,9,1,1
192,0,1,0,0,0,0,0,0,0,0,1,0,4,0,0,3,0,1,0,0
193,0,0,0,1,1,0,1,1,0,1,0,0,5,0,0,3,0,5,0,0
194,1,1,1,1,1,1,1,1,1,1,1,1,0,0,0,4,0,10,0,1
195,1,0,0,0,0,0,1,1,0,0,0,0,3,0,0,4,0,3,0,0
196,1,0,0,1,0,0,0,0,0,0,0,0,4,0,0,2,0,2,0,0
197,1,1,0,0,1,0,0,0,0,0,0,0,4,0,0,4,0,3,0,0
198,0,1,0,0,0,0,0,1,1,1,0,0,4,0,0,4,0,4,0,0
199,0,1,1,0,0,0,0,0,0,0,0,0,1,0,0,4,0,2,0,0
200,1,0,0,0,0,0,0,1,0,0,0,0,3,0,0,1,0,2,0,0
201,1,0,0,0,1,1,1,1,0,1,0,0,0,0,0,4,0,6,0,0
202,1,0,0,0,0,0,0,0,0,1,0,0,3,0,0,4,0,2,0,0
203,0,1,0,0,0,0,0,1,1,0,0,0,5,0,0,2,0,3,0,0
204,1,0,0,0,0,0,0,1,0,0,0,0,5,0,0,4,0,2,0,0
205,1,0,0,1,1,0,1,1,0,0,0,0,0,0,0,4,0,5,0,0
206,1,0,0,0,1,0,1,1,1,1,0,0,5,0,0,4,0,6,0,0
207,1,0,0,0,1,0,0,1,0,1,0,1,0,0,0,1,0,4,0,0
208,0,0,1,0,1,1,0,0,1,1,1,0,5,0,0,4,0,5,0,0
209,1,0,1,0,1,0,1,1,0,1,1,0,0,0,0,4,0,6,0,0
210,1,0,0,0,0,0,1,1,0,1,1,1,0,0,0,1,0,4,0,0
211,1,0,0,1,1,0,1,1,0,0,0,0,5,0,0,4,0,5,0,0
212,0,0,1,1,0,1,0,1,1,1,0,0,4,0,0,4,0,6,0,0
213,0,0,0,0,0,0,0,1,0,1,0,0,0,0,0,1,0,2,0,0
214,1,0,0,1,1,1,1,1,1,1,0,0,3,0,0,4,0,8,0,1
215,1,0,0,0,0,0,1,1,0,0,1,0,0,0,0,4,0,3,0,0
216,1,0,0,1,0,0,1,1,0,0,0,0,0,0,0,1,0,4,0,0
217,0,0,0,1,0,0,0,1,0,0,1,0,0,0,0,1,0,2,0,0
218,0,0,0,1,0,0,1,0,0,0,0,0,3,0,0,1,0,2,0,0
219,1,0,1,0,0,0,1,0,0,0,1,0,4,0,0,4,0,3,0,0
220,1,1,0,0,1,0,0,1,0,0,1,0,5,0,0,1,0,4,0,0
221,1,0,0,0,0,1,0,1,1,1,0,0,3,0,0,1,0,5,0,0
222,0,1,1,0,1,0,0,1,0,0,0,0,5,0,0,4,0,4,0,0
223,1,0,0,0,1,1,0,1,0,1,0,0,0,0,0,1,0,5,0,0
224,1,0,0,0,0,0,1,1,1,1,0,0,0,0,0,1,0,5,0,0
225,0,0,0,0,0,0,1,1,0,1,0,0,0,0,0,1,0,3,0,0
226,1,0,1,0,1,0,0,1,0,1,0,1,3,0,0,1,0,5,0,0
227,1,0,0,0,0,0,1,1,0,0,0,0,0,0,0,1,0,3,0,0
228,0,0,0,0,0,0,0,0,0,0,0,0,5,0,0,4,0,0,0,0
229,1,0,0,0,1,0,0,1,1,0,0,1,0,0,0,1,0,4,0,0
230,1,1,1,0,1,0,1,1,0,1,1,0,0,0,0,4,0,7,0,1
231,1,0,0,1,0,0,0,0,1,0,0,0,0,0,0,2,0,3,0,0
232,1,0,0,0,0,0,0,1,0,1,0,0,5,0,0,4,0,3,0,0
233,1,0,1,1,1,0,0,1,0,0,1,1,4,0,0,3,0,5,0,0
234,1,0,0,1,1,0,1,1,0,1,0,1,0,0,0,4,0,6,0,0
235,1,0,1,1,1,1,0,0,1,1,0,1,5,0,1,2,0,7,0,1
236,1,1,1,1,0,0,0,1,1,1,1,1,1,0,1,2,0,7,1,1
237,1,1,1,1,1,1,1,1,1,1,1,0,4,0,0,2,0,10,0,1
238,1,1,0,0,0,0,0,0,0,0,0,0,4,0,0,2,0,2,1,0
239,1,1,1,0,0,0,0,1,0,0,1,1,4,0,1,3,0,4,0,0
240,0,1,1,1,0,0,0,0,1,0,0,0,0,0,0,1,0,4,1,0
241,1,0,0,0,1,0,0,0,1,0,1,0,5,0,0,1,0,3,0,0
242,1,1,0,0,0,0,0,0,0,0,1,1,5,0,1,1,0,2,1,0
243,1,0,1,1,1,1,1,1,1,1,1,1,4,0,0,2,0,9,0,1
244,0,1,1,0,1,0,0,0,0,0,0,0,5,1,0,3,0,3,0,0
245,1,0,0,0,0,0,0,0,0,0,1,1,5,0,1,3,0,1,0,0
246,1,1,1,1,1,0,0,1,1,1,1,0,4,0,0,4,0,8,0,1
247,0,1,1,0,1,1,1,0,1,1,1,1,1,0,0,2,0,7,1,1
248,1,1,1,1,1,1,1,1,1,1,1,1,4,0,0,3,0,10,0,1
249,0,1,0,0,0,0,1,0,0,1,1,1,4,1,0,2,0,3,0,0
250,0,0,0,1,1,1,1,0,1,1,1,1,5,0,0,1,0,6,0,0
251,0,0,0,0,0,0,0,0,0,0,1,0,4,0,0,4,0,0,0,0
252,1,0,0,1,1,0,0,1,0,1,1,0,4,0,0,3,0,5,0,0
253,0,0,0,0,0,0,0,0,0,0,1,1,4,0,0,4,0,0,0,0
254,1,1,1,0,1,1,1,0,1,1,1,0,4,1,0,2,0,8,0,1
255,1,1,1,0,1,1,1,0,1,1,0,1,4,0,0,2,0,8,0,1
256,1,1,0,1,1,0,0,1,1,1,1,1,1,0,0,3,0,7,0,1
257,0,1,1,1,0,0,0,1,0,1,0,0,4,0,1,2,0,5,0,0
258,1,0,0,0,1,0,1,0,0,1,1,1,4,0,1,2,0,4,0,0
259,0,0,0,0,0,0,0,0,0,0,1,1,2,0,0,1,0,0,1,0
260,1,0,1,1,1,1,0,0,1,1,1,1,4,0,0,3,0,7,0,1
261,1,1,1,1,1,1,0,0,1,1,0,1,4,1,0,2,0,8,1,1
262,1,1,1,1,0,1,0,1,1,1,1,0,4,0,1,3,0,8,1,1
263,1,0,0,1,0,0,1,1,0,1,0,1,4,1,0,4,0,5,0,0
264,1,1,1,1,1,1,1,0,1,1,0,1,4,1,0,2,0,9,0,1
265,1,0,0,1,0,0,0,1,0,0,1,0,4,0,0,2,0,3,0,0
266,1,1,1,1,1,1,1,1,1,1,1,1,4,1,0,2,0,10,0,1
267,0,0,1,1,1,1,1,1,0,0,1,1,4,0,0,2,0,6,0,0
268,0,0,0,0,0,0,0,1,1,0,1,1,5,0,0,2,0,2,0,0
269,1,1,1,1,1,0,0,0,1,0,1,0,0,0,0,1,0,6,0,0
270,1,1,0,1,0,0,0,0,0,1,1,1,4,0,0,2,0,4,0,0
271,1,0,0,1,1,0,1,1,1,1,1,1,5,0,0,1,0,7,0,1
272,1,0,0,1,1,1,1,1,1,1,0,1,4,0,0,2,0,8,0,1
273,1,1,1,1,1,1,0,0,1,1,0,1,5,0,0,3,0,8,0,1
274,1,1,1,1,1,1,0,1,0,0,1,1,2,0,0,2,0,7,0,1
275,1,0,1,0,0,0,0,0,0,0,1,1,4,0,0,3,0,2,0,0
276,0,0,1,1,1,0,0,1,0,0,1,0,4,1,0,3,0,4,0,0
277,1,0,1,0,1,1,1,1,1,0,0,0,5,0,0,3,0,7,0,1
278,1,0,1,1,1,1,0,1,1,0,0,0,5,0,0,3,1,7,0,1
279,1,0,0,1,1,0,0,1,0,1,0,1,4,0,0,4,0,5,0,0
280,1,1,0,0,0,0,0,1,0,0,0,0,5,0,0,1,0,3,0,0
281,0,1,0,0,0,0,1,1,0,1,0,1,2,0,0,1,0,4,0,0
282,0,0,0,1,1,0,0,1,1,0,0,0,2,0,0,1,0,4,0,0
283,1,1,1,0,1,0,0,1,0,1,0,0,5,0,0,1,0,6,0,0
284,0,0,0,0,0,0,0,0,0,0,0,0,2,0,0,1,0,0,0,0
285,1,1,0,0,0,0,0,0,0,0,0,1,2,0,0,1,0,2,0,0
286,0,1,1,0,0,0,0,1,0,1,0,1,2,0,0,1,0,4,0,0
287,1,1,1,0,1,1,1,1,0,1,0,0,2,0,0,1,0,8,0,1
288,1,1,0,1,1,0,0,0,0,0,0,1,3,0,1,1,0,4,0,0
289,1,0,0,0,0,0,0,0,0,1,1,1,5,0,0,1,0,2,0,0
290,1,1,1,0,1,0,0,1,0,0,0,0,2,0,0,1,0,5,1,0
291,1,1,1,0,1,0,0,1,0,0,0,0,2,0,0,1,0,5,1,0
292,0,0,0,0,1,0,0,1,0,0,0,0,2,0,0,1,0,2,1,0
293,1,1,1,0,0,0,0,1,0,0,0,0,2,0,0,1,0,4,1,0
294,0,1,0,0,0,0,1,1,0,0,0,0,2,0,0,1,0,3,1,0
295,1,1,1,0,0,0,0,1,0,0,0,0,2,0,0,1,0,4,1,0
296,1,1,1,1,1,1,1,1,1,1,0,0,4,0,0,2,0,10,0,1
297,1,0,0,1,1,1,1,0,1,1,1,0,4,0,0,2,0,7,0,1
298,1,0,0,0,0,1,1,0,1,1,1,1,0,0,0,3,0,5,1,0
299,1,1,0,1,0,0,1,1,0,0,1,0,4,1,0,2,0,5,0,0
300,1,1,1,1,0,0,1,1,0,0,1,0,4,0,0,2,0,6,0,0
301,1,0,0,1,1,1,0,0,0,0,1,0,2,0,0,1,0,4,0,0
302,1,1,0,0,0,0,0,0,0,1,0,0,5,0,0,1,0,3,0,0
303,1,0,1,0,0,0,1,1,0,0,0,1,5,0,0,1,0,4,0,0
304,1,0,0,0,0,0,1,0,0,0,0,1,5,0,0,1,0,2,0,0
305,1,0,1,1,0,0,1,1,1,0,0,1,5,0,0,1,0,6,0,0
306,1,1,1,1,1,0,0,1,0,0,0,0,5,0,0,1,0,6,0,0
307,1,0,1,1,0,0,0,0,0,0,0,1,5,0,0,1,0,3,0,0
308,1,0,0,1,0,0,0,0,0,0,0,0,5,0,0,1,0,2,0,0
309,0,1,0,1,0,1,0,1,0,1,0,1,5,0,0,1,0,5,0,0
310,1,0,0,0,0,0,0,0,0,0,0,0,5,0,0,1,0,1,0,0
311,1,0,0,0,1,0,1,1,1,0,0,0,5,0,0,1,0,5,0,0
312,0,0,0,0,0,0,0,1,0,0,0,0,5,0,0,1,0,1,0,0
313,1,0,1,1,0,1,1,1,1,1,0,1,5,0,0,1,0,8,0,1
314,1,1,1,0,0,0,0,1,0,1,0,1,5,0,0,1,0,5,0,0
315,1,1,1,0,1,0,1,1,1,1,0,0,5,0,0,5,0,8,1,1
316,1,1,0,0,0,0,1,1,0,0,0,0,5,0,0,1,0,4,0,0
317,0,1,0,0,0,0,0,1,0,0,0,0,5,0,0,1,0,2,0,0
318,1,0,1,0,0,0,1,0,0,0,0,0,5,0,1,1,0,3,0,0
319,0,0,0,1,0,0,0,1,0,0,0,0,5,0,0,1,0,2,0,0
320,0,0,0,0,1,0,0,1,0,0,0,0,5,0,0,1,0,2,1,0
321,1,0,0,1,0,0,0,1,0,1,0,0,2,0,0,1,0,4,1,0
322,1,0,0,0,0,0,0,1,0,0,0,1,2,0,0,1,0,2,0,0
323,1,0,0,1,0,0,1,0,0,1,0,0,2,0,0,1,0,4,0,0
324,0,0,1,0,0,0,0,0,0,1,0,0,2,0,0,1,0,2,0,0
325,1,0,1,0,1,0,0,1,0,0,0,0,2,0,0,1,0,4,0,0
326,0,0,0,0,0,1,0,1,0,0,0,1,5,0,0,2,0,2,0,0
327,0,0,0,0,1,0,0,1,0,1,0,0,2,0,0,1,0,3,1,0
328,0,1,0,1,0,0,0,0,0,0,0,0,2,0,0,1,0,2,0,0
329,0,1,1,0,0,0,0,1,0,1,0,0,2,0,0,1,0,4,0,0
330,1,0,0,0,0,1,0,1,0,1,0,0,5,0,0,1,0,4,0,0
331,1,0,1,0,1,0,0,1,0,1,0,0,2,0,1,1,0,5,0,0
332,0,0,1,1,0,0,1,0,0,1,0,0,5,0,0,2,0,4,0,0
333,1,0,1,0,1,0,0,1,0,1,0,0,2,0,0,1,0,5,0,0
334,0,0,0,0,0,0,0,1,1,0,0,0,5,1,0,1,0,2,0,0
335,1,0,1,0,0,0,0,0,0,1,0,1,5,0,0,1,0,3,1,0
336,1,0,0,1,1,0,0,1,0,1,0,1,0,0,0,1,0,5,0,0
337,0,1,0,0,0,0,0,0,0,1,0,0,5,0,0,1,0,2,0,0
338,1,0,0,0,0,0,0,1,0,1,0,1,2,0,0,1,0,3,0,0
339,1,0,0,1,1,0,1,0,0,1,0,0,2,0,0,1,0,5,0,0
340,1,0,0,0,0,1,0,0,1,0,0,0,2,1,1,1,1,3,1,0
341,1,0,0,0,0,0,0,1,0,0,0,1,2,0,0,1,0,2,0,0
342,1,0,0,0,0,1,1,1,0,1,0,0,2,0,0,4,0,5,0,0
343,1,0,0,0,0,0,0,1,0,0,0,1,5,0,0,1,0,2,0,0
344,0,1,0,0,1,1,0,0,0,0,0,0,5,0,0,1,0,3,1,0
345,0,0,0,1,0,0,1,0,0,0,0,1,5,0,0,1,0,2,1,0
346,1,0,0,0,0,0,0,1,0,0,0,1,5,0,0,1,0,2,0,0
347,1,1,1,1,1,0,1,0,1,1,0,1,5,0,0,1,0,8,0,1
348,1,0,0,0,0,0,1,1,0,1,0,0,5,0,0,1,0,4,0,0
349,1,1,0,0,0,0,0,1,0,0,0,1,5,0,0,1,0,3,0,0
350,1,0,1,0,0,0,0,0,0,1,0,1,5,0,0,1,0,3,0,0
351,1,0,0,1,0,0,0,0,0,0,0,1,5,0,0,1,0,2,1,0
352,1,0,1,1,1,0,1,1,0,0,0,1,5,1,0,1,0,6,0,0
353,1,1,0,0,1,0,0,1,0,0,0,1,5,0,0,1,0,4,0,0
354,0,1,0,0,0,0,0,1,0,0,0,1,2,0,0,1,0,2,0,0
355,1,0,0,0,1,0,0,1,0,0,0,0,5,0,0,1,0,3,0,0
356,1,0,1,1,1,0,0,0,1,1,0,0,2,0,0,1,0,6,0,0
357,0,1,0,0,0,1,0,1,0,1,0,1,2,0,0,1,0,4,0,0
358,1,1,0,0,0,0,0,1,0,0,0,1,5,0,0,1,0,3,0,0
359,1,0,0,0,1,1,0,1,0,1,0,1,1,0,0,1,0,5,0,0
360,0,1,1,1,0,1,0,1,0,0,0,1,5,0,0,1,0,5,1,0
361,1,1,1,0,1,0,0,0,0,0,0,1,0,0,0,1,0,4,0,0
362,0,1,0,0,0,0,0,1,0,1,0,1,5,0,0,1,0,3,0,0
363,0,1,1,0,0,0,0,1,0,0,0,0,2,0,0,1,0,3,0,0
364,1,0,0,0,0,0,0,0,0,0,0,1,5,0,0,1,0,1,1,0
365,1,0,0,1,0,0,1,1,0,1,0,1,5,0,0,1,0,5,0,0
366,1,0,0,0,0,0,0,1,0,1,0,1,5,0,0,1,0,3,0,0
367,1,0,0,1,0,0,1,0,0,1,0,1,1,0,0,1,0,4,0,0
368,1,0,0,1,0,0,1,0,0,1,1,1,5,0,0,1,0,4,0,0
369,0,1,0,1,1,0,0,0,0,0,0,1,2,0,0,1,0,3,0,0
370,1,0,0,0,0,0,1,1,0,0,0,1,2,0,0,1,0,3,0,0
371,0,1,0,0,1,0,1,1,0,1,0,1,1,0,0,1,0,5,0,0
372,1,0,1,1,1,1,1,1,1,0,0,0,0,0,0,1,0,8,0,1
373,1,0,0,1,1,0,0,1,0,1,0,1,3,0,0,1,0,5,0,0
374,1,1,0,0,0,0,0,0,0,0,0,1,2,0,0,1,0,2,0,0
375,1,1,0,1,0,0,0,0,0,1,0,1,2,0,0,1,0,4,0,0
376,0,1,0,1,0,0,0,1,0,0,0,0,2,0,0,1,0,3,0,0
377,0,0,1,1,1,0,0,1,0,0,0,1,5,0,0,1,0,4,0,0
378,0,0,1,1,1,0,0,0,0,1,0,1,2,0,0,1,0,4,0,0
379,1,0,1,1,1,0,1,1,0,1,0,1,2,0,0,1,0,7,0,1
380,1,0,1,0,0,0,0,0,0,0,0,1,2,0,0,1,0,2,0,0
381,1,0,0,0,0,0,1,1,0,1,1,0,2,1,0,1,0,4,0,0
382,1,1,0,1,0,0,1,1,0,0,0,0,2,0,0,1,0,5,0,0
383,1,0,0,0,0,0,1,0,1,1,0,1,2,0,0,1,0,4,0,0
384,1,0,0,0,1,0,1,0,0,1,0,0,2,0,0,1,0,4,0,0
385,1,0,1,0,1,0,1,1,0,1,0,1,2,0,0,1,0,6,0,0
386,0,0,0,0,0,0,1,0,0,0,0,0,2,0,0,1,0,1,0,0
387,1,0,1,0,0,1,0,1,0,0,0,1,2,0,0,1,0,4,0,0
388,0,1,0,1,0,0,0,0,0,0,1,1,5,0,0,1,0,2,0,0
389,1,1,1,1,0,0,1,0,0,0,0,0,2,0,0,1,0,5,0,0
390,1,0,0,0,0,0,1,1,0,1,0,0,5,0,0,1,0,4,1,0
391,1,0,1,1,1,1,0,1,1,1,0,0,0,0,1,1,0,8,0,1
392,1,0,0,1,0,0,1,1,0,0,0,0,5,0,0,1,0,4,0,0
393,0,0,0,0,1,0,1,0,0,0,0,1,5,0,0,2,1,2,0,0
394,1,0,1,0,1,0,1,1,1,0,0,0,5,0,0,1,0,6,0,0
395,1,1,1,1,1,1,1,0,1,1,1,1,1,0,0,2,0,9,1,1
396,1,1,1,1,1,1,1,1,1,1,1,0,4,1,1,5,0,10,0,1
397,1,0,0,1,1,0,0,0,0,0,0,0,5,0,0,1,0,3,0,0
398,1,1,1,1,1,1,0,1,1,0,1,1,4,0,0,2,0,8,0,1
399,1,0,0,0,0,1,0,0,0,1,1,1,4,0,0,2,1,3,0,0
400,0,0,1,1,0,0,0,0,0,0,0,1,2,0,0,1,1,2,0,0
401,1,1,1,1,0,0,0,0,0,1,0,1,4,0,0,2,0,5,0,0
402,1,1,0,0,1,1,0,1,0,1,1,1,5,0,0,1,0,6,1,0
403,1,1,0,0,0,0,0,1,0,1,0,1,5,0,0,1,0,4,0,0
404,0,1,0,0,0,0,0,1,0,0,0,0,4,0,0,3,0,2,0,0
405,1,0,1,1,1,0,1,0,0,1,0,0,1,0,0,3,0,6,1,0
406,1,0,1,0,0,0,0,0,0,0,0,0,4,0,0,2,0,2,0,0
407,0,1,1,1,1,0,1,0,0,1,1,0,4,0,1,4,0,6,1,0
408,1,1,1,1,1,0,0,1,0,1,0,1,0,0,0,1,0,7,0,1
409,0,1,1,1,1,1,0,1,0,1,1,1,4,0,1,2,0,7,0,1
410,1,0,0,0,0,0,0,1,0,1,0,0,4,0,1,4,0,3,0,0
411,1,0,0,1,1,0,1,1,1,1,0,1,4,0,0,2,0,7,0,1
412,1,0,0,0,0,0,0,1,0,0,1,0,4,0,0,2,0,2,1,0
413,1,1,1,1,1,1,1,0,1,1,1,0,4,0,0,3,0,9,0,1
414,1,1,1,0,0,0,0,1,0,1,0,1,4,0,0,2,0,5,0,0
415,1,1,0,0,0,0,0,1,0,0,0,1,2,0,0,1,0,3,0,0
416,0,0,1,1,0,0,0,1,0,0,0,0,2,0,0,1,0,3,0,0
417,1,1,1,1,1,0,0,1,1,0,1,1,4,0,0,2,0,7,0,1
418,0,0,1,1,1,0,0,0,0,1,0,1,5,1,0,1,0,4,0,0
419,1,1,0,0,0,0,1,0,0,0,0,1,1,0,0,1,0,3,0,0
420,1,0,0,0,0,0,0,1,0,1,1,0,4,1,0,2,0,3,0,0
421,1,1,0,1,1,0,0,0,0,0,0,0,2,0,0,1,0,4,0,0
422,0,0,0,0,0,0,1,0,0,0,1,0,0,0,0,1,0,1,0,0
423,0,1,1,1,1,1,0,1,1,1,0,0,2,1,0,4,0,8,0,1
424,1,1,1,1,1,0,0,1,0,0,0,0,5,0,0,5,0,6,0,0
425,0,0,0,1,0,0,0,0,0,0,1,1,4,0,0,2,0,1,0,0
426,0,0,0,0,0,0,0,1,0,0,1,1,0,0,0,1,0,1,0,0
427,0,1,1,1,1,1,0,0,1,0,0,1,5,0,0,1,0,6,1,0
428,0,0,0,1,0,0,1,0,0,1,1,1,4,0,0,2,0,3,0,0
429,1,1,0,1,1,1,1,1,0,1,1,1,4,1,0,3,0,8,0,1
430,1,0,0,0,0,1,0,0,0,1,0,0,4,0,1,2,0,3,0,0
431,0,0,1,1,0,1,1,1,1,1,0,0,4,0,0,2,0,7,1,1
432,1,0,1,1,0,1,0,0,0,1,0,0,4,0,0,2,0,5,1,0
433,1,1,1,1,1,1,1,1,1,1,0,1,0,0,0,3,0,10,0,1
434,0,0,0,0,0,0,0,1,0,0,0,1,0,1,0,1,0,1,0,0
435,0,0,0,0,0,1,0,1,1,0,0,0,0,0,0,1,0,3,0,0
436,1,1,1,1,1,0,1,1,0,0,0,0,5,0,0,2,0,7,0,1
437,1,0,1,1,1,0,0,0,0,0,0,1,3,0,0,4,0,4,0,0
438,1,0,0,0,0,0,0,1,0,1,1,0,0,0,0,1,0,3,0,0
439,1,0,0,1,1,0,1,0,0,0,0,1,0,0,0,1,0,4,0,0
440,1,0,0,0,0,1,0,1,0,0,0,1,0,0,0,1,0,3,0,0
441,0,0,0,0,0,0,0,0,0,0,1,1,3,0,0,1,0,0,1,0
442,1,0,0,0,0,0,0,1,0,0,0,1,0,0,0,1,0,2,0,0
443,1,0,0,0,1,0,0,1,0,1,1,1,0,0,0,1,0,4,0,0
444,0,0,0,0,0,0,0,1,0,0,0,0,4,0,0,1,0,1,0,0
445,1,0,0,0,1,0,1,1,0,0,1,1,0,0,0,1,0,4,0,0
446,0,0,0,0,0,0,0,1,0,1,1,0,4,0,0,2,0,2,1,0
447,0,0,0,0,0,0,1,0,0,1,1,1,4,0,0,2,0,2,0,0
448,1,1,1,1,0,0,1,1,0,0,0,0,3,0,0,3,0,6,0,0
449,1,0,1,1,0,0,1,1,0,0,0,0,5,0,0,1,0,5,0,0
450,0,1,0,0,0,0,0,1,1,0,0,0,5,0,0,1,0,3,0,0
451,1,1,1,1,1,1,1,0,1,1,1,0,4,0,0,2,0,9,0,1
452,1,1,0,1,1,1,0,0,1,1,1,1,4,0,0,3,0,7,0,1
453,0,1,1,0,0,0,1,0,0,1,0,0,1,0,0,0,0,4,0,0
454,1,1,1,1,0,0,0,1,0,0,0,1,4,0,0,2,0,5,0,0
455,1,1,1,1,0,0,1,1,1,0,1,0,5,0,0,3,0,7,0,1
456,0,0,0,0,0,0,0,0,0,0,1,1,4,0,0,2,0,0,0,0
457,1,0,0,0,1,0,1,1,0,1,1,0,5,0,0,3,0,5,0,0
458,1,1,1,1,1,1,1,1,1,1,1,0,5,0,0,3,0,10,0,1
459,1,1,1,1,0,0,1,0,0,1,0,0,4,0,0,2,0,6,0,0
460,1,0,1,1,0,0,0,0,0,0,1,1,4,0,0,3,0,3,0,0
461,0,0,0,1,0,0,0,1,0,1,1,0,5,0,0,1,0,3,0,0
462,0,1,1,1,1,1,1,0,1,1,1,0,0,0,0,1,0,8,0,1
463,1,1,1,1,1,0,1,1,0,1,1,1,1,0,0,3,0,8,0,1
464,1,1,0,0,0,0,0,1,0,0,1,0,1,0,0,2,0,3,1,0
465,0,1,1,1,1,0,0,0,1,0,1,1,1,0,1,2,0,5,1,0
466,1,1,0,1,1,1,0,1,1,1,1,1,5,1,0,3,0,8,0,1
467,0,1,0,0,1,0,1,1,0,0,1,0,4,0,0,2,0,4,0,0
468,1,0,1,1,1,0,0,1,0,1,0,1,4,0,1,2,0,6,0,0
469,1,0,1,1,1,0,1,1,1,1,0,0,4,0,1,2,0,8,1,1
470,1,0,1,0,1,0,1,1,0,1,1,0,5,1,1,2,0,6,0,0
471,1,0,1,0,0,0,1,0,0,1,1,0,0,0,0,2,0,4,0,0
472,0,1,1,0,1,0,0,1,0,0,0,0,4,0,0,2,0,4,0,0
473,1,1,1,1,1,1,1,1,1,1,1,1,4,1,1,2,0,10,0,1
474,0,1,0,0,0,0,0,0,0,1,1,1,4,1,0,3,0,2,0,0
475,0,1,1,1,1,1,1,1,0,1,0,1,4,0,0,3,0,8,0,1
476,1,1,1,1,1,1,1,0,1,1,1,0,4,0,0,2,0,9,0,1
477,1,1,1,0,0,0,0,0,0,1,0,1,0,0,0,1,0,4,0,0
478,1,0,1,1,0,0,0,0,0,0,1,1,4,0,0,2,0,3,0,0
479,1,1,1,1,1,0,1,1,1,1,1,1,4,0,0,3,0,9,0,1
480,1,1,1,1,1,1,0,1,1,1,1,0,4,0,0,4,0,9,0,1
481,1,1,0,1,0,0,1,0,0,0,1,1,4,0,1,3,0,4,1,0
482,1,0,1,1,1,0,1,0,1,1,1,0,1,0,0,4,0,7,0,1
483,0,1,0,0,0,0,0,0,1,1,1,1,5,0,0,4,0,3,0,0
484,0,0,1,1,0,0,0,0,0,1,1,0,2,0,0,0,0,3,0,0
485,1,1,1,1,1,0,0,1,1,1,0,1,4,0,1,2,0,8,0,1
486,1,1,1,1,1,0,0,1,0,1,0,1,4,0,0,1,0,7,0,1
487,1,1,1,1,1,0,1,0,1,0,1,1,4,1,1,3,0,7,0,1
488,1,1,0,1,1,1,0,0,0,1,0,0,1,1,1,3,0,6,1,0
489,1,1,1,1,0,1,0,1,1,1,1,0,4,0,0,2,0,8,0,1
490,1,0,0,0,0,0,1,1,0,1,0,1,5,0,0,2,0,4,0,0
491,0,0,0,1,0,0,1,1,0,1,1,0,0,0,0,1,0,4,0,0
492,0,0,0,0,1,0,0,1,0,1,0,1,5,0,0,1,0,3,1,0
493,1,1,1,1,1,1,1,1,1,1,1,1,4,1,1,4,0,10,0,1
494,0,1,0,0,0,0,0,1,0,0,1,0,1,0,0,2,0,2,0,0
495,1,0,0,0,1,0,0,0,0,0,1,1,1,0,0,2,0,2,0,0
496,1,1,0,0,0,0,1,1,0,0,1,1,5,0,0,5,0,4,1,0
497,0,1,1,1,0,0,0,0,0,1,1,1,4,1,0,3,0,4,0,0
498,0,1,1,1,1,1,1,1,1,1,0,0,4,0,0,2,0,9,0,1
499,0,0,0,1,1,0,1,0,0,1,0,1,5,0,0,1,0,4,0,0
500,0,1,0,0,1,0,0,0,0,1,0,0,5,0,0,1,0,3,0,0
501,0,1,0,0,1,0,0,0,0,0,1,1,5,0,0,1,0,2,0,0
502,0,1,0,0,1,1,0,0,1,1,1,0,5,0,0,1,0,5,1,0
503,1,0,1,0,0,1,0,1,0,0,1,1,4,0,0,3,0,4,0,0
504,0,1,1,1,1,1,0,0,0,1,0,0,4,0,0,3,0,6,1,0
505,1,1,1,1,1,1,0,1,1,1,0,0,4,0,0,3,0,9,1,1
506,0,1,0,0,0,0,0,0,0,0,1,1,2,1,0,4,0,1,1,0
507,0,1,1,1,1,1,1,1,1,1,1,1,0,0,0,1,0,9,0,1
508,0,1,1,1,1,1,1,1,1,1,1,1,0,0,1,1,1,9,0,1
509,1,0,1,1,1,1,1,1,1,1,1,1,4,1,0,2,0,9,0,1
510,1,0,1,1,1,1,1,0,0,1,1,1,4,1,0,2,0,7,0,1
511,1,0,1,1,0,0,0,0,0,1,1,1,4,0,1,2,0,4,0,0
512,0,1,1,1,0,0,0,1,0,1,1,0,4,0,0,2,0,5,0,0
513,1,1,1,1,0,0,1,0,0,1,1,0,4,0,0,2,0,6,0,0
514,1,1,1,1,1,1,1,1,1,1,1,0,4,0,1,2,0,10,0,1
515,1,1,0,0,0,0,0,0,0,0,1,1,4,0,1,2,0,2,0,0
516,1,0,0,0,1,0,0,0,0,1,1,1,4,0,1,4,0,3,0,0
517,0,0,1,0,0,0,0,0,0,0,0,0,0,0,0,5,0,1,0,0
518,1,1,1,0,1,0,1,0,1,1,0,0,2,0,0,4,0,7,0,1
519,1,1,1,1,1,1,0,1,1,1,1,0,4,0,0,2,0,9,1,1
520,1,0,0,1,1,0,0,1,0,0,0,1,5,0,1,3,0,4,0,0
521,1,1,0,0,0,0,0,1,0,0,1,0,5,0,0,1,0,3,0,0
522,1,1,0,1,1,0,0,0,0,0,1,0,5,0,0,3,0,4,0,0
523,1,1,1,1,1,1,1,1,0,1,0,1,4,0,0,3,0,9,0,1
524,0,1,1,1,1,1,0,0,0,1,0,1,4,1,0,2,0,6,0,0
525,1,1,1,1,1,1,1,0,1,1,1,1,4,0,1,3,0,9,0,1
526,1,0,0,1,1,1,1,1,1,1,0,0,1,0,0,3,0,8,0,1
527,0,1,0,1,0,1,1,0,1,1,0,1,2,0,0,2,0,6,1,0
528,1,0,0,0,0,0,1,1,1,0,0,0,4,0,0,4,0,4,1,0
529,0,1,0,0,1,1,0,0,1,0,0,0,5,0,0,1,1,4,0,0
530,0,1,0,0,0,0,0,1,0,0,1,1,5,0,0,1,0,2,0,0
531,0,1,0,1,0,1,0,0,0,1,1,0,0,0,0,4,0,4,0,0
532,1,1,0,0,0,0,1,1,0,0,1,0,4,0,0,4,0,4,0,0
533,1,1,1,1,1,1,0,1,1,1,0,1,4,1,1,2,0,9,0,1
534,1,0,1,1,0,0,0,0,0,0,1,1,4,0,0,2,0,3,0,0
535,1,1,0,1,0,0,0,0,0,1,1,0,4,0,0,4,0,4,0,0
536,1,0,0,0,0,0,0,1,0,1,1,0,5,0,0,1,0,3,0,0
537,1,0,0,1,0,0,0,1,0,0,1,0,5,0,0,1,0,3,0,0
538,1,1,1,1,1,1,1,1,1,1,1,0,4,0,1,2,0,10,0,1
539,1,0,0,0,1,0,1,1,0,0,0,1,4,0,0,3,0,4,0,0
540,1,0,0,0,1,0,1,1,0,0,0,1,4,0,0,3,0,4,0,0
541,1,1,0,0,1,1,1,1,1,1,0,0,4,0,0,2,0,8,0,1
542,1,1,1,1,1,0,1,1,1,1,1,0,4,1,0,4,0,9,0,1
543,1,1,1,1,1,0,0,1,1,1,1,1,4,0,1,2,0,8,0,1
544,1,1,0,0,0,0,0,1,0,0,1,1,0,0,1,3,0,3,0,0
545,0,0,1,1,0,0,0,0,0,0,1,0,1,0,0,2,0,2,0,0
546,1,1,0,0,1,0,0,0,0,1,1,1,1,0,0,2,0,4,1,0
547,1,1,0,0,1,1,0,1,1,0,1,1,1,1,0,2,0,6,1,0
548,1,1,0,1,1,1,0,1,1,0,1,1,1,1,1,2,0,7,1,1
549,1,1,1,1,1,0,0,1,0,1,1,0,5,0,0,3,0,7,0,1
550,1,0,1,1,0,0,1,0,0,1,1,1,4,0,0,2,0,5,0,0
551,1,1,1,1,1,1,1,1,1,1,0,0,1,0,0,2,0,10,0,1
552,1,1,1,1,1,1,0,1,1,1,0,0,1,0,0,2,0,9,0,1
553,1,0,1,1,1,1,1,1,1,1,1,1,5,0,0,4,0,9,0,1
554,1,1,1,0,0,0,0,0,0,0,0,1,0,0,0,4,0,3,0,0
555,0,1,1,1,0,0,0,1,1,0,1,1,0,0,0,3,0,5,0,0
556,0,1,1,1,1,0,1,0,1,0,0,0,2,0,0,1,0,6,0,0
557,1,1,1,1,1,1,1,1,1,1,1,0,4,1,0,2,0,10,0,1
558,1,0,0,0,0,0,0,0,0,0,0,0,5,0,0,2,0,1,0,0
559,1,0,0,0,1,0,0,0,1,1,1,0,0,0,0,1,0,4,0,0
560,1,1,0,0,0,0,0,1,0,0,0,0,5,0,0,1,0,3,0,0
561,1,1,0,0,0,0,0,1,0,1,0,0,0,0,0,4,0,4,0,0
562,1,0,0,0,1,0,1,1,0,1,0,0,0,0,0,1,0,5,0,0
563,1,0,0,0,0,0,0,1,0,1,0,1,3,0,0,1,0,3,0,0
564,1,0,1,1,0,0,0,1,1,1,1,1,0,0,0,1,0,6,1,0
565,1,0,0,0,0,0,0,1,1,0,0,0,0,0,0,1,0,3,0,0
566,1,0,1,0,0,0,0,1,0,0,1,1,0,0,0,1,0,3,0,0
567,1,0,1,0,0,0,0,0,0,0,0,1,0,0,0,1,0,2,0,0
568,1,0,0,0,0,0,0,1,0,0,1,1,0,0,0,4,0,2,0,0
569,1,0,0,0,0,0,1,0,0,1,1,1,0,0,0,1,0,3,0,0
570,1,0,0,0,1,1,0,1,0,0,0,1,3,0,0,1,0,4,0,0
571,1,0,0,0,0,0,1,1,0,0,0,0,0,0,0,1,0,3,0,0
572,0,0,0,0,0,0,0,1,0,0,1,1,0,1,0,1,0,1,0,0
573,1,0,0,0,0,0,0,0,0,0,1,0,4,0,0,2,0,1,0,0
574,1,0,0,1,0,0,1,1,0,0,0,0,0,0,0,1,0,4,0,0
575,0,0,1,0,1,1,0,1,0,1,0,0,0,0,0,1,0,5,0,0
576,1,0,0,0,1,0,1,1,0,0,0,0,0,0,0,1,0,4,0,0
577,1,1,1,1,0,0,0,0,0,1,0,1,3,0,0,1,0,5,0,0
578,1,0,0,0,0,0,0,0,0,0,0,0,3,0,0,1,0,1,0,0
579,1,1,0,1,0,0,0,1,0,1,0,1,3,0,0,1,0,5,0,0
580,1,0,1,1,0,1,0,1,0,1,0,1,3,0,0,1,0,6,0,0
581,1,0,0,0,1,0,1,0,0,0,0,0,3,0,0,1,0,3,0,0
582,0,0,0,1,1,0,0,1,0,1,0,0,0,0,0,1,0,4,0,0
583,0,1,0,0,0,0,0,0,0,1,0,1,3,0,0,1,0,2,0,0
584,1,0,0,1,0,0,0,1,0,1,1,0,0,0,0,1,0,4,0,0
585,0,1,0,0,1,0,1,1,0,0,1,0,0,0,0,1,0,4,0,0
586,1,0,1,1,1,0,1,1,1,0,0,1,3,0,0,1,0,7,0,1
587,1,0,0,0,1,0,1,1,0,0,0,1,0,0,0,4,0,4,0,0
588,1,0,0,1,1,0,1,1,1,1,0,0,0,0,0,4,0,7,0,1
589,1,0,0,0,0,0,0,1,0,1,1,1,3,0,0,1,0,3,0,0
590,1,0,1,0,1,0,1,1,0,1,0,1,0,0,0,1,0,6,0,0
591,1,0,1,0,0,0,0,1,0,0,0,0,0,1,0,1,0,3,0,0
592,1,0,0,0,0,0,1,1,0,0,0,0,0,0,0,1,0,3,0,0
593,1,0,0,0,1,0,1,1,0,1,0,1,5,0,0,1,0,5,0,0
594,1,0,0,0,1,0,1,1,1,1,0,1,0,0,0,1,0,6,0,0
595,1,1,0,1,1,0,1,1,0,0,1,0,0,0,0,1,0,6,0,0
596,0,0,0,0,0,0,1,0,0,1,0,0,0,0,0,1,0,2,0,0
597,0,0,1,0,0,0,0,1,0,0,1,1,0,0,0,1,0,2,1,0
598,1,1,0,0,1,0,0,1,1,1,0,1,2,0,0,1,0,6,0,0
599,1,0,1,0,1,0,1,1,1,1,0,0,1,0,0,1,0,7,0,1
600,0,1,1,0,0,0,1,0,0,1,1,0,4,0,0,2,0,4,0,0
601,0,0,0,0,0,0,0,0,0,0,0,1,5,0,0,2,0,0,0,0
602,1,1,1,1,1,1,1,1,1,1,0,1,4,0,0,2,0,10,0,1
603,1,1,0,1,1,0,0,1,0,0,0,0,1,0,0,3,0,5,0,0
604,1,0,0,0,1,1,1,1,1,1,1,0,1,0,0,3,0,7,1,1
605,1,1,1,0,0,0,0,1,0,0,0,0,0,0,0,1,0,4,0,0
606,1,0,1,1,1,0,1,1,1,0,1,0,5,0,0,3,0,7,0,1
607,0,0,0,0,1,0,0,1,0,0,1,1,5,0,0,4,0,2,0,0
608,1,0,0,0,0,0,0,0,0,0,1,1,2,0,0,4,0,1,1,0
609,1,0,1,1,1,0,0,1,0,1,0,0,2,1,0,4,0,6,1,0
610,1,0,1,1,0,0,1,1,1,1,0,0,5,0,1,4,0,7,0,1
611,1,1,1,1,0,0,0,0,0,0,1,1,2,0,0,1,0,4,0,0
612,1,0,1,0,0,1,0,1,0,1,0,0,4,1,0,0,0,5,1,0
613,1,0,1,1,1,0,0,0,0,0,1,1,2,0,0,1,0,4,0,0
614,0,1,1,1,0,0,0,0,0,0,1,0,2,1,0,1,1,3,0,0
615,1,1,0,0,0,0,0,0,0,0,1,1,2,1,0,1,0,2,0,0
616,1,0,0,0,0,0,1,0,0,1,1,0,5,1,0,1,0,3,0,0
617,0,0,0,0,0,0,0,0,0,1,1,1,5,0,0,3,0,1,0,0
618,1,1,1,1,1,1,1,1,1,1,1,1,4,0,1,3,0,10,0,1
619,1,1,1,1,1,0,1,1,1,1,1,0,0,0,0,3,0,9,0,1
620,1,0,0,1,1,0,1,0,0,1,1,1,4,0,1,2,0,5,0,0
621,1,0,0,0,1,0,1,0,1,1,0,0,0,0,0,1,0,5,0,0
622,1,1,0,0,1,0,1,0,1,0,1,0,5,0,0,3,0,5,0,0
623,0,0,1,1,0,0,1,0,0,0,1,0,5,0,0,2,0,3,0,0
624,1,1,1,1,1,1,0,0,1,1,1,0,5,0,0,1,0,8,0,1
625,1,1,1,0,1,1,0,1,1,1,0,1,4,0,0,2,0,8,0,1
626,1,1,1,1,1,1,0,1,1,1,1,1,5,1,1,4,0,9,0,1
627,1,0,0,1,1,1,0,0,1,0,0,0,4,0,0,2,0,5,0,0
628,1,0,0,0,0,0,1,1,0,1,1,0,4,0,0,4,0,4,0,0
629,0,0,0,0,0,0,1,1,0,1,0,0,4,0,0,3,0,3,0,0
630,1,1,1,1,1,1,1,0,1,1,1,0,4,0,0,3,0,9,0,1
631,0,0,0,0,0,0,0,1,0,0,1,0,5,0,0,1,0,1,0,0
632,0,0,1,0,0,0,1,1,0,0,1,1,2,0,0,4,0,3,1,0
633,1,0,0,0,0,0,1,1,0,1,1,0,4,0,0,3,0,4,0,0
634,1,1,1,1,1,1,1,1,1,1,1,0,4,0,0,3,0,10,0,1
635,1,1,1,1,1,0,1,1,1,1,1,0,5,0,0,3,0,9,0,1
636,1,1,1,1,1,0,0,1,0,1,0,0,5,0,0,3,0,7,0,1
637,1,1,1,1,1,0,1,1,0,1,0,0,4,0,0,2,0,8,0,1
638,1,1,1,0,1,0,1,1,1,1,1,0,5,0,0,3,0,8,0,1
639,1,1,0,0,1,1,0,1,0,1,0,1,4,1,0,2,0,6,0,0
640,1,1,1,1,0,0,0,0,1,0,0,1,4,1,0,3,0,5,0,0
641,1,1,0,0,0,0,1,0,0,1,1,0,4,1,0,2,0,4,1,0
642,1,0,0,0,0,0,1,0,0,1,0,0,1,0,0,0,0,3,1,0
643,1,1,1,1,1,0,0,1,1,1,1,1,1,0,0,3,0,8,0,1
644,1,1,1,1,1,1,1,1,1,1,1,0,4,0,1,1,0,10,0,1
645,1,1,1,1,1,1,1,1,1,1,1,0,4,1,1,2,0,10,1,1
646,1,1,0,1,1,1,1,1,1,1,1,1,5,0,0,3,0,9,0,1
647,1,1,0,0,0,0,0,1,0,0,0,0,5,0,0,3,0,3,0,0
648,1,1,0,0,0,0,0,1,1,0,1,1,4,1,1,3,0,4,0,0
649,1,0,1,0,0,0,0,1,0,1,1,0,5,0,0,3,0,4,1,0
650,1,0,1,1,1,0,0,1,1,1,1,0,4,0,1,2,0,7,0,1
651,1,0,0,0,1,0,1,1,0,1,1,0,4,0,0,3,0,5,0,0
652,1,1,1,0,1,1,1,1,1,1,1,0,4,0,0,3,0,9,0,1
653,1,0,1,1,1,1,1,0,1,1,0,0,1,0,0,3,0,8,0,1
654,1,0,0,0,1,1,1,1,1,1,1,1,4,0,0,3,0,7,0,1
655,0,0,0,0,1,0,0,0,0,0,1,1,0,1,0,1,0,1,0,0
656,1,0,0,1,0,0,1,1,0,0,0,0,1,0,0,3,0,4,0,0
657,1,1,1,0,1,1,1,1,0,1,1,0,4,0,0,3,0,8,0,1
658,1,0,0,1,0,0,0,1,0,1,1,1,4,0,0,2,0,4,0,0
659,1,1,1,1,1,0,0,1,0,1,0,0,4,1,0,3,0,7,0,1
660,1,0,1,1,0,0,1,1,0,0,1,0,5,0,0,2,1,5,1,0
661,1,1,1,1,1,1,0,1,1,1,1,0,5,0,1,4,0,9,0,1
662,1,1,1,1,1,0,0,0,0,1,1,1,0,0,0,1,0,6,0,0
663,1,1,1,1,1,1,1,1,1,1,0,1,5,0,0,4,0,10,0,1
664,0,1,0,1,1,0,1,1,1,1,0,1,4,0,0,2,0,7,0,1
665,1,0,0,0,0,0,0,1,0,1,1,0,5,0,0,3,0,3,1,0
666,1,0,1,1,1,0,1,1,0,1,0,1,5,0,0,2,0,7,0,1
667,1,0,0,1,1,0,1,0,1,1,1,0,3,0,0,1,0,6,0,0
668,1,0,1,1,1,0,1,1,1,1,0,1,4,0,0,1,0,8,0,1
